 00001100 00000001 00000000 00000100
 00000000 00000001 00010000 00000000
 00010000 00100001 00000000 00001000
 00010100 00100001 00000000 00000001
 11011000 00100000 11111111 11111110
 11101000 00000000 00000000 00000111
 11100000 00000000 00000000 00001001
 01100000 00000010 00010000 10000000
 11100111 11100000 00000000 00000000
 00001000 00000001 00000000 00001000
 00000000 00100000 00010000 00000000
 00010000 01000000 00011000 00000000
 00001100 00000100 00000000 00000100
 10100000 10000001 00101000 00000000
 10100100 00100101 00000000 00001000
 10101000 00100010 00101000 00000000
 10110000 10000001 00101000 00000000
 01100100 00000010 00101000 01000000
 00000100 00000101 00110000 00000000
 01101000 00000110 00110000 01000000
 00001100 00000001 00000000 00001111
 00001100 00000010 00000000 00000001
 00011100 00000000 00011000 00000000
 00010000 00000100 00000000 00000100
 01000100 00100010 00001000 00000000
 11000000 01100001 00000000 00000000
 00001000 01100011 00000000 00000100
 01100000 00000010 00010000 01000000
 00001100 00000001 00000000 00001111
 00010100 10000100 00000000 00000001
 11011000 10000000 11111111 11111001
 00001100 00000011 00000000 00000000
 11000100 01100111 00000000 00000000
 11111100 00000000 00000000 00000000
